function qa=R_S(t,p)

qa = 6.112.*exp(17.502.*t./(t+240.97))*(1.0007+3.46e-6*p);

